ПФВК
[1, -1, -1, 1, -1, 1, 1, 1, 1, -1, -1, -1]R = 4
[-1, 1, -1, -1, 1, -1, 1, 1, 1, 1, -1, -1]R = 8
[-1, -1, 1, -1, -1, 1, -1, 1, 1, 1, 1, -1]R = -4
[-1, -1, -1, 1, -1, -1, 1, -1, 1, 1, 1, 1]R = 0
[1, -1, -1, -1, 1, -1, -1, 1, -1, 1, 1, 1]R = -4
[1, 1, -1, -1, -1, 1, -1, -1, 1, -1, 1, 1]R = -4
[1, 1, 1, -1, -1, -1, 1, -1, -1, 1, -1, 1]R = -4
[1, 1, 1, 1, -1, -1, -1, 1, -1, -1, 1, -1]R = 0
[-1, 1, 1, 1, 1, -1, -1, -1, 1, -1, -1, 1]R = 4
[1, -1, 1, 1, 1, 1, -1, -1, -1, 1, -1, -1]R = -4
[-1, 1, -1, 1, 1, 1, 1, -1, -1, -1, 1, -1]R = 4
[-1, -1, 1, -1, 1, 1, 1, 1, -1, -1, -1, 1]R = 0
[1, -1, -1, 1, -1, 1, 1, 1, 1, -1, -1, -1]R = 4
